bissection=1.0239128287269406
false_position=0.0000831212886125421
secant=1.02391342203139
newton-raphson=1.02391342203151
