bissection=2.8428955078125
false_position=2.84285052869754
secant=2.84285052916666
newton-raphson=1.00000000000148
